alexandria={
	location=4273
	color={
		200 200 102 
	}
	outgoing={
		name="Anatolien"
		path={
			2337 393 4272 380 381 1855 1316 1932 319 4308 322 
		}
		control={
			3412.000000 1149.000000 
		}
	}
	outgoing={
		name="Nil"
		path={
			2330 384 4269 4268 365 2315 361 
		}
		control={
			3399.000000 1101.000000 
		}
	}
	members={
		384 2329 2330 2328 4269 385 2331 2332 4277 4278 4295 411 415 4293 4294 2211 4172 2209 2210 406 2310 410 4288 4290 408 4291 409 2311 2312 2207 2206 4179 4302 424 416 4304 2205 4300 4340 2212 393 2338 4273 2337 2336 4276 386 391 2346 390 4279 4280 2345 388 387 2344 4282 2335 4281 389 2334 412 2340 4296 2307 4292 2314 2309 4272 383 4268 2327 4270 405 407 4283 2343 1779 4284 402 392 2339 4275 4274 
	}
}
amazonas_node={
	location=2935
	color={
		114 182 126 
	}
	outgoing={
		name="brazil"
		path={
			2929 2928 2926 2924 752 2915 2912 1531 
		}
		control={
			2019.000000 826.000000 2042.000000 797.000000 2084.000000 786.000000 2124.000000 781.000000 2152.000000 735.000000 2189.000000 732.000000 2219.000000 702.000000 
		}
	}
	outgoing={
		name="carribean_trade"
		path={
			2936 2931 2804 2803 741 1520 1521 1516 
		}
		control={
			1925.000000 885.000000 1877.000000 939.000000 1843.000000 969.000000 1848.000000 1008.000000 1822.000000 1015.000000 1775.000000 1062.000000 1735.000000 1123.000000 
		}
	}
	members={
		1802 1803 2909 2910 2911 2929 2930 2931 2933 2934 2935 2889 2937 2938 2804 2811 742 744 2810 747 748 749 2890 2923 2924 2926 2927 2928 745 746 2936 834 502 743 2803 752 2886 2925 4617 
	}
}
Anatolien={
	location=322
	color={
		114 70 103 
	}
	members={
		4311 4312 322 4308 1848 
	}
	end=yes
}
australia={
	location=1411
	color={
		93 69 111 
	}
	outgoing={
		name="the_moluccas"
		path={
			2732 4849 1410 1408 1356 1355 4794 
		}
		control={
			5074.000000 359.000000 5014.000000 379.000000 4963.000000 459.000000 4803.000000 458.000000 4714.000000 477.000000 4636.000000 493.000000 
		}
	}
	members={
		1085 1086 1087 1088 1089 1090 1091 1092 1093 1790 1791 1094 1084 1412 2726 2727 2728 2729 2730 2731 2732 2733 2734 2735 2736 1411 1109 1246 2738 2737 1108 2739 1107 1106 1986 1239 1242 1990 1992 1238 1236 1996 1995 1993 1994 1991 1235 1988 1725 1989 1243 1987 1241 4846 4867 4866 4865 4864 4863 4862 4861 4859 4858 4869 4868 4860 4857 4856 4855 4854 4851 4852 4853 4850 4849 4848 4847 4939 4938 4937 1998 1999 
	}
}
Bayern={
	location=266
	color={
		11 84 179 
	}
	members={
		2968 267 2967 1771 266 2832 
	}
	end=yes
}
beijing={
	location=4233
	color={
		242 85 78 
	}
	outgoing={
		name="yumen"
		path={
			1816 2194 707 
		}
		control={
			4672.000000 1307.000000 4121.000000 1255.000000 
		}
	}
	members={
		690 691 702 2138 2139 2140 2114 1816 2136 4194 695 696 2137 4195 704 726 2112 2113 693 694 697 2177 2178 4233 4652 
	}
}
brazil={
	location=1531
	color={
		3 189 34 
	}
	outgoing={
		name="ivory_coast"
		path={
			1584 1468 1467 1466 
		}
		control={
			2423.000000 632.000000 2663.000000 616.000000 2746.000000 667.000000 
		}
	}
	outgoing={
		name="Iberien"
		path={
			1584 1469 1793 2466 346 4167 2467 343 1751 226 4546 225 2754 219 
		}
		control={
			2365.000000 942.000000 2427.000000 1071.000000 2496.000000 1241.000000 2668.000000 1311.000000 
		}
	}
	outgoing={
		name="Italien"
		path={
			1584 1469 1793 2466 346 349 2463 2459 339 1301 1300 1298 101 105 109 107 
		}
		control={
			2364.000000 941.000000 2429.000000 1070.000000 2495.000000 1241.000000 2588.000000 1389.000000 2793.000000 1389.000000 2914.000000 1362.000000 
		}
	}
	outgoing={
		name="Frankreich"
		path={
			1584 1469 1793 2466 346 349 2463 2462 2461 1301 333 1296 200 4391 199 190 179 184 
		}
		control={
			2365.000000 942.000000 2429.000000 1071.000000 2496.000000 1241.000000 2586.000000 1390.000000 2781.000000 1463.000000 
		}
	}
	outgoing={
		name="Rheinland"
		path={
			1584 1469 1793 2466 346 349 2463 2462 338 1301 1300 1297 201 202 204 4719 4764 193 187 4766 94 93 2974 95 
		}
		control={
			2364.000000 941.000000 2496.000000 1240.000000 2556.000000 1623.000000 2681.000000 1853.000000 2834.000000 1767.000000 2869.000000 1611.000000 
		}
	}
	outgoing={
		name="England"
		path={
			1584 1469 1793 2466 346 349 343 1751 226 4546 225 2754 219 217 4789 1746 209 1276 1275 171 169 1272 234 239 4372 4375 245 
		}
		control={
			2365.239990 941.500000 2429.000000 1070.000000 2496.000000 1242.000000 2588.000000 1387.000000 2707.000000 1549.000000 2736.000000 1591.000000 
		}
	}
	outgoing={
		name="Schweden"
		path={
			1584 1469 1793 2466 346 349 2463 2459 339 1301 1300 1298 101 4728 104 4740 4722 1873 73 65 2955 1757 2967 4744 59 4748 51 4749 47 1257 4165 4166 
		}
		control={
			2364.000000 942.000000 2430.000000 1073.000000 2497.000000 1242.000000 2558.000000 1624.000000 2682.000000 1852.000000 2985.000000 1818.000000 3048.000000 1734.000000 
		}
	}
	outgoing={
		name="tunis"
		path={
			1584 1469 1793 1127 2460 349 2463 350 2456 
		}
		control={
			2363.000000 942.000000 2428.000000 1071.000000 2495.000000 1242.000000 2622.000000 1185.000000 2835.000000 1221.000000 
		}
	}
	members={
		1531 750 751 753 754 755 756 757 758 759 760 761 762 763 764 765 766 768 769 2881 2885 2891 2892 2893 2894 2895 2896 2897 2898 2899 2906 2907 2908 2912 2913 2914 2915 2916 2917 2918 2919 2920 2921 2922 
	}
}
burma={
	location=584
	color={
		35 229 76 
	}
	outgoing={
		name="ganges_delta"
		path={
			2399 4401 568 1343 
		}
		control={
			4248.000000 1001.000000 
		}
	}
	members={
		570 573 584 2399 581 2398 580 4393 2397 566 571 2042 4440 4394 4396 585 4395 583 588 2400 4397 4406 587 2401 4398 582 2395 2396 4404 4405 567 2091 4473 1788 1950 4400 4401 4402 
	}
}
california={
	location=2479
	color={
		231 19 236 
	}
	outgoing={
		name="mexico"
		path={
			4636 2478 4635 2476 4639 1553 4578 854 4579 4580 1551 
		}
		control={
			945.000000 1486.000000 960.000000 1457.000000 979.000000 1441.000000 993.000000 1413.000000 1001.000000 1388.000000 1085.000000 1291.000000 1164.000000 1232.000000 1179.000000 1206.000000 1183.000000 1197.000000 1192.000000 1171.000000 
		}
	}
	outgoing={
		name="mississippi_river"
		path={
			1808 889 891 4914 2515 4923 918 4913 4931 935 4930 2011 2550 952 950 
		}
		control={
			1019.000000 1567.000000 1187.000000 1515.000000 1248.000000 1470.000000 1310.000000 1497.000000 1350.000000 1465.000000 1386.000000 1461.000000 1418.000000 1460.000000 1448.000000 1453.000000 1485.000000 1467.000000 1504.000000 1463.000000 1548.000000 1503.000000 1575.000000 1512.000000 1598.000000 1511.000000 1589.000000 1498.000000 
		}
	}
	outgoing={
		name="st_lawrence"
		path={
			1808 2507 2508 903 4900 905 913 914 4899 911 2587 2586 2670 989 4892 2584 2012 2583 1490 
		}
		control={
			1019.000000 1567.000000 1173.000000 1570.000000 1247.000000 1567.000000 1288.000000 1591.000000 1322.000000 1573.000000 1382.000000 1584.000000 1393.000000 1623.000000 1431.000000 1609.000000 1419.000000 1647.000000 1453.000000 1664.000000 1531.000000 1630.000000 1549.000000 1617.000000 1567.000000 1616.000000 1608.000000 1638.000000 1623.000000 1635.000000 1662.000000 1647.000000 1690.000000 1656.000000 1696.000000 1668.000000 
		}
	}
	outgoing={
		name="rio_grande"
		path={
			1808 2496 885 2500 883 2499 
		}
		control={
			1019.000000 1567.000000 1179.000000 1478.000000 1215.000000 1443.000000 1242.000000 1399.000000 1257.000000 1353.000000 
		}
	}
	members={
		855 859 862 877 2616 865 866 2620 868 871 869 2021 2476 867 876 879 2491 870 2477 2478 2479 2480 872 2481 2482 2483 873 2486 2487 2488 2019 2020 2489 2490 874 2484 2485 2003 2604 2605 2606 2607 972 973 974 2610 975 2022 2609 976 977 2613 978 979 2611 2612 1808 4648 4646 4650 4633 4577 4639 4635 4636 4637 4638 4634 4649 4578 4647 860 2492 
	}
}
canton={
	location=1371
	color={
		159 145 213 
	}
	outgoing={
		name="malacca"
		path={
			1394 1367 1362 1361 
		}
		control={
			4611.000000 901.000000 4555.000000 789.000000 4460.500000 730.500000 
		}
	}
	outgoing={
		name="hangzhou"
		path={
			1829 2152 2150 684 
		}
		control={
			4652.500000 1078.000000 4647.000000 1093.000000 4666.000000 1118.000000 
		}
	}
	outgoing={
		name="philippines"
		path={
			1394 1395 1397 4352 
		}
		control={
			4611.000000 901.000000 4664.000000 858.000000 4743.000000 868.000000 
		}
	}
	outgoing={
		name="california"
		path={
			1372 1392 1390 1391 1439 1671 1670 1714 1689 1688 1687 1556 2021 2479 
		}
		control={
			4685.000000 1063.000000 4783.000000 1092.000000 4877.000000 1175.000000 4995.000000 1232.000000 5079.000000 1151.000000 5298.000000 1212.000000 5507.000000 1389.000000 489.000000 990.000000 283.000000 1460.000000 528.000000 1434.000000 752.000000 1407.000000 849.000000 1492.000000 906.000000 1502.000000 
		}
	}
	outgoing={
		name="mexico"
		path={
			1393 1392 1437 1439 1671 1672 1714 1699 1715 1716 1707 1701 1551 
		}
		control={
			4703.000000 994.000000 4783.000000 1092.000000 4888.000000 1075.000000 5079.000000 1151.000000 5298.000000 1212.000000 5518.000000 1163.000000 489.000000 990.000000 290.000000 1051.000000 651.000000 1011.000000 860.000000 929.000000 1017.000000 962.000000 1186.000000 983.000000 
		}
	}
	outgoing={
		name="panama"
		path={
			1393 1392 1437 1439 1671 1672 1714 1699 1715 1716 1707 1701 1700 1549 4595 2664 835 
		}
		control={
			4703.000000 994.000000 4783.000000 1092.000000 4888.000000 1075.000000 5079.000000 1151.000000 5298.000000 1212.000000 5518.000000 1163.000000 489.000000 990.000000 290.000000 1051.000000 651.000000 1011.000000 860.000000 929.000000 1017.000000 962.000000 1186.000000 983.000000 1369.000000 938.000000 1444.000000 1020.000000 1524.000000 1006.000000 1533.000000 1001.000000 
		}
	}
	outgoing={
		name="lima"
		path={
			1393 1396 1437 1438 1671 1672 1692 1697 1699 1715 1716 1711 1708 1702 1545 809 
		}
		control={
			4703.000000 994.000000 4761.000000 966.000000 4888.000000 1075.000000 5050.000000 1013.000000 5298.000000 1212.000000 5518.000000 1163.000000 96.000000 1007.000000 295.000000 1020.000000 290.000000 1051.000000 651.000000 1011.000000 860.000000 929.000000 1011.000000 741.000000 1190.000000 786.000000 1361.000000 765.000000 1528.000000 687.000000 
		}
	}
	members={
		2161 1371 610 613 616 664 665 666 667 668 672 738 1016 1840 2154 2155 2156 2157 2158 2159 2160 2162 2163 2164 2173 2174 2372 671 2373 662 663 673 674 4199 4820 4819 4821 
	}
}
cape_of_good_hope={
	location=1460
	color={
		228 143 219 
	}
	outgoing={
		name="ivory_coast"
		path={
			1461 1462 1463 1585 1466 
		}
		control={
			2936.000000 297.000000 2870.000000 558.000000 
		}
	}
	outgoing={
		name="brazil"
		path={
			1461 1602 1600 1598 1596 1531 
		}
		control={
			2893.000000 112.000000 2830.000000 180.000000 2618.000000 358.000000 2454.000000 501.000000 2333.000000 600.000000 
		}
	}
	members={
		1460 789 833 1175 1176 1177 1178 1179 1180 1181 1182 1173 2864 2880 2856 1172 1167 1171 4080 1168 4079 1166 4078 1165 
	}
}
carribean_trade={
	location=1516
	color={
		59 127 146 
	}
	outgoing={
		name="Iberien"
		path={
			1521 1523 1576 1581 1578 1566 1292 4787 228 4788 219 
		}
		control={
			1746.000000 1503.000000 2250.000000 1751.000000 2488.959961 1611.699951 2587.000000 1389.000000 2675.000000 1355.000000 
		}
	}
	outgoing={
		name="Frankreich"
		path={
			1521 1523 1575 1583 1580 1567 1563 1289 1274 171 4384 177 4776 184 
		}
		control={
			1747.000000 1504.000000 2252.000000 1751.000000 2489.000000 1613.000000 2648.439941 1438.750000 2780.000000 1464.000000 
		}
	}
	outgoing={
		name="Rheinland"
		path={
			2658 4620 1526 1575 1583 1580 1567 1563 1288 1285 239 237 236 1270 1269 98 95 
		}
		control={
			1746.000000 1504.000000 2252.000000 1751.000000 2681.000000 1852.000000 2832.000000 1767.000000 2869.000000 1611.000000 
		}
	}
	outgoing={
		name="England"
		path={
			1524 1574 1572 1582 1568 1564 1479 1286 4380 1284 244 245 
		}
		control={
			1747.000000 1505.000000 2250.000000 1750.000000 2576.000000 1737.000000 2656.000000 1650.000000 2745.000000 1620.000000 
		}
	}
	outgoing={
		name="Schweden"
		path={
			2658 4620 1526 1575 1583 1580 1567 1563 1288 1285 239 237 4370 1860 1270 1269 1268 1984 1259 26 4166 
		}
		control={
			1746.000000 1505.000000 2252.000000 1751.000000 2681.000000 1852.000000 2984.000000 1820.000000 3048.000000 1735.000000 
		}
	}
	outgoing={
		name="Italien"
		path={
			1521 1523 1576 1581 1578 1566 1291 206 1278 1276 4111 180 179 191 1877 4764 4721 4162 166 4722 4160 107 
		}
		control={
			1746.000000 1506.000000 2251.000000 1751.000000 2487.000000 1612.000000 2647.000000 1439.000000 2792.000000 1391.000000 2914.000000 1362.000000 
		}
	}
	outgoing={
		name="tunis"
		path={
			1521 1523 1576 1581 1578 1471 1110 348 2464 346 349 2463 350 2456 
		}
		control={
			1746.000000 1506.000000 2251.000000 1750.000000 2489.459961 1611.380005 2587.000000 1389.000000 2620.000000 1185.000000 2834.000000 1220.000000 
		}
	}
	members={
		927 928 2534 926 2535 2536 484 485 2656 486 2654 2655 488 489 490 2658 2659 487 481 491 492 482 483 493 494 495 496 1881 497 498 499 500 501 830 2807 2813 741 831 2808 2805 2809 2939 1516 4626 4625 4624 4622 4623 4619 4618 4620 4621 4616 4615 4612 4613 4609 4611 4614 4610 
	}
}
chengdu={
	location=679
	color={
		40 250 203 
	}
	outgoing={
		name="canton"
		path={
			680 2173 2174 2158 2157 1371 
		}
		control={
			4495.000000 1065.000000 
		}
	}
	outgoing={
		name="xian"
		path={
			2169 689 700 
		}
		control={
			4487.000000 1184.000000 
		}
	}
	outgoing={
		name="burma"
		path={
			4212 2748 661 2166 583 2400 584 
		}
		control={
			4361.000000 1079.000000 
		}
	}
	members={
		2132 2167 678 2135 2131 2133 660 661 2165 2166 679 680 4212 2169 2170 4211 675 2168 2748 4213 
	}
}
comorin_cape={
	location=1340
	color={
		13 255 179 
	}
	outgoing={
		name="cape_of_good_hope"
		path={
			1616 1453 1450 1449 788 1457 1182 789 2856 1178 1177 1460 
		}
		control={
			3741.000000 650.000000 3617.000000 373.000000 3407.000000 37.000000 
		}
	}
	outgoing={
		name="gujarat"
		path={
			1339 1338 1337 504 
		}
		control={
			3947.000000 855.000000 3913.500000 938.000000 3853.500000 1022.000000 
		}
	}
	members={
		1340 2083 4418 4419 4420 539 540 1947 2027 4417 536 2101 4412 2100 4408 4409 572 2099 4407 574 1101 1248 538 2085 2026 4415 4416 533 534 535 537 4410 4413 531 2029 543 549 2084 2080 4425 4414 2031 4421 4422 1949 4424 2032 4426 4428 4423 2090 541 2033 4427 
	}
}
constantinople={
	location=1320
	color={
		126 203 120 
	}
	outgoing={
		name="tunis"
		path={
			1319 1312 1307 1305 2453 352 2456 
		}
		control={
			3136.000000 1232.000000 2972.000000 1151.000000 
		}
	}
	outgoing={
		name="Wallachei"
		path={
			1321 1322 1974 2412 2413 288 1971 303 2419 1081 4264 1082 
		}
		control={
			3381.000000 1476.000000 
		}
	}
	outgoing={
		name="Anatolien"
		path={
			317 322 
		}
		control={
			3205.500000 1316.500000 
		}
	}
	outgoing={
		name="Nil"
		path={
			317 322 4308 319 1932 1315 362 2316 361 
		}
		control={
			3283.000000 1232.000000 
		}
	}
	members={
		1320 149 151 1764 325 328 2299 2304 150 159 1765 2750 1846 316 317 2296 318 319 2297 2298 4309 4313 320 2348 4700 4703 4704 4705 4779 321 2302 324 4314 326 323 4307 329 4310 4315 2300 2301 327 332 2313 378 377 4298 1849 4297 382 1855 4271 2308 2303 381 1854 365 364 363 362 358 4317 2316 4316 2318 4323 4320 2320 360 1233 1231 4319 4322 2321 2323 2322 1234 380 379 2315 4321 148 4702 2305 418 330 331 4178 2306 4672 711 706 2041 2040 2402 2130 703 2107 
	}
}
cuiaba={
	location=800
	color={
		129 167 42 
	}
	outgoing={
		name="laplata"
		path={
			2882 799 2883 2854 790 2848 1536 
		}
		control={
			1864.000000 575.000000 1865.000000 510.000000 1871.000000 495.000000 1868.000000 466.000000 1831.000000 412.000000 1874.000000 352.000000 
		}
	}
	outgoing={
		name="lima"
		path={
			2832 2833 2830 808 810 809 
		}
		control={
			1783.000000 663.000000 1738.000000 657.000000 1693.000000 664.000000 1687.000000 679.000000 1648.000000 691.000000 
		}
	}
	members={
		800 2902 2901 801 2835 2834 2838 794 2942 797 2941 2940 2946 795 793 2900 796 2840 2839 2837 792 791 2841 2836 802 804 2831 2947 803 2833 775 776 799 2842 2882 2883 2888 2903 2904 2905 
	}
}
deccan={
	location=1948
	color={
		241 13 61 
	}
	outgoing={
		name="gujarat"
		path={
			544 4432 529 1337 504 
		}
		control={
			3963.000000 1001.000000 
		}
	}
	outgoing={
		name="comorin_cape"
		path={
			2035 4428 541 4422 4421 533 534 535 1340 
		}
		control={
			4005.000000 848.000000 
		}
	}
	members={
		526 2056 2057 4461 550 551 2092 4458 4460 532 2028 4438 4444 542 2037 4436 4439 527 4434 4453 569 1948 2035 4435 546 548 2050 4442 4443 1946 4431 544 545 4432 4433 4437 515 521 4456 2052 4454 4455 2051 2054 516 2036 4512 4457 517 2089 2034 529 4430 4429 2030 530 
	}
}
doab={
	location=524
	color={
		236 162 19 
	}
	outgoing={
		name="deccan"
		path={
			525 740 2057 4460 527 548 4442 4437 1948 
		}
		control={
			4003.000000 963.000000 
		}
	}
	outgoing={
		name="lahore"
		path={
			522 2065 4411 507 
		}
		control={
			3984.000000 1149.000000 
		}
	}
	outgoing={
		name="gujarat"
		path={
			4465 4464 518 2058 2053 503 504 
		}
		control={
			3889.500000 1038.000000 
		}
	}
	members={
		522 2060 2062 2061 4498 4499 519 520 2064 4500 523 2094 4494 4495 4497 555 2055 2095 4490 524 556 2063 4496 525 528 740 4464 4465 559 2059 4459 4466 4467 2097 2098 4468 4491 4492 554 509 511 2069 4493 2087 4501 4502 2093 518 4462 2058 2067 2053 4480 
	}
}
England={
	location=245
	color={
		186 0 13 
	}
	members={
		245 4785 1861 4376 4372 
	}
	end=yes
}
english_channel={
	location=235
	color={
		114 30 229 
	}
	outgoing={
		name="England"
		path={
			236 4370 243 4367 4368 245 
		}
		control={
			2802.000000 1545.000000 2804.000000 1566.000000 2798.000000 1583.000000 2798.000000 1598.000000 2787.000000 1607.000000 
		}
	}
	outgoing={
		name="Frankreich"
		path={
			1271 167 4388 184 
		}
		control={
			2808.000000 1522.000000 2822.000000 1505.000000 2826.000000 1487.000000 
		}
	}
	outgoing={
		name="Rheinland"
		path={
			87 90 1865 1744 95 
		}
		control={
			2833.000000 1525.000000 2844.000000 1530.000000 2861.500000 1530.000000 2870.000000 1542.000000 
		}
	}
	members={
		167 168 4385 241 242 4366 4369 4367 4368 239 240 243 1860 4370 233 234 4130 4373 4374 235 236 238 4371 4375 244 247 246 237 4365 89 4384 169 171 170 172 182 4386 183 186 185 181 93 1878 91 1866 1743 88 4769 90 87 1865 180 178 177 1879 4388 4383 97 99 98 4381 100 1744 96 2975 
	}
}
ethiopia={
	location=2772
	color={
		172 26 120 
	}
	outgoing={
		name="alexandria"
		path={
			2771 1226 1232 1329 2331 4277 4273 
		}
		control={
			3414.560059 910.900024 
		}
	}
	outgoing={
		name="zanzibar"
		path={
			2770 2762 4158 2756 1799 4051 2796 1448 
		}
		control={
			3415.000000 670.000000 
		}
	}
	members={
		1217 1218 1222 1228 2756 2757 2758 2759 2760 2761 2762 2763 2772 2791 2778 2785 2797 2766 2767 2769 2770 2771 2779 2780 2781 1224 1213 1223 1214 2800 1229 1225 1226 1227 1220 1207 1208 1210 2798 2799 2776 4033 4158 2777 4051 4052 2764 1211 2773 2768 1215 1212 2793 1206 2784 2783 1205 2794 2782 2775 2795 2024 2792 2786 2788 2790 1209 2789 2787 1232 2324 1230 2765 2802 1221 1216 2801 1219 774 2932 2288 1159 
	}
}
Frankreich={
	location=184
	color={
		20 50 210 
	}
	members={
		184 4776 4389 179 190 
	}
	end=yes
}
ganges_delta={
	location=1343
	color={
		91 217 86 
	}
	outgoing={
		name="comorin_cape"
		path={
			1342 1341 1340 
		}
		control={
			4126.000000 928.000000 4037.000000 783.500000 
		}
	}
	outgoing={
		name="doab"
		path={
			2038 4471 560 4469 2095 556 4496 2063 524 
		}
		control={
			4164.000000 1012.000000 4157.000000 1024.000000 4122.000000 1034.000000 4121.000000 1042.000000 4106.000000 1059.000000 4060.000000 1071.000000 4065.000000 1067.000000 4049.000000 1085.000000 
		}
	}
	members={
		1343 553 2082 4447 4451 4452 547 2048 4445 4446 4448 561 2081 4476 4477 564 2039 4474 4475 4478 552 2038 2043 2049 4441 560 2096 4450 4470 4471 562 2045 2046 4486 563 2044 4479 568 579 586 590 2403 4399 558 4469 4472 4489 2047 4484 4487 4488 
	}
}
genua={
	location=1298
	color={
		218 215 56 
	}
	outgoing={
		name="Frankreich"
		path={
			102 2991 204 203 1877 191 179 184 
		}
		control={
			2859.000000 1422.000000 
		}
	}
	outgoing={
		name="Iberien"
		path={
			1297 1296 1295 4549 2751 219 
		}
		control={
			2836.000000 1360.000000 
		}
	}
	outgoing={
		name="Italien"
		path={
			101 105 109 107 
		}
		control={
			2962.000000 1413.000000 
		}
	}
	outgoing={
		name="tunis"
		path={
			1300 1301 339 2458 351 2456 
		}
		control={
			2909.000000 1293.000000 
		}
	}
	members={
		1298 1875 127 1247 2986 4735 102 4696 201 200 2753 197 212 213 4154 2988 2987 211 4550 214 2991 4157 204 202 4391 198 4695 196 4694 4557 2990 220 1750 333 4559 4560 1295 4549 210 205 176 175 174 173 4111 4112 199 203 4777 4719 4720 1871 2981 103 2992 4728 101 4740 2979 2980 106 221 4547 2751 2755 2989 209 1746 4789 217 2754 1748 223 222 1745 1276 4552 4727 195 194 4387 4697 104 105 116 4730 4160 115 117 118 
	}
}
Georgien={
	location=288
	color={
		21 21 227 
	}
	outgoing={
		name="Wallachei"
		path={
			1971 303 2419 1081 4264 1082 
		}
		control={
			3523.000000 1549.000000 
		}
	}
	outgoing={
		name="Anatolien"
		path={
			2414 287 2447 1324 325 2299 4312 322 
		}
		control={
			3349.000000 1360.000000 
		}
	}
	outgoing={
		name="Polen"
		path={
			2413 2411 290 1944 1942 4539 2962 1940 260 257 
		}
		control={
			3299.000000 1546.000000 
		}
	}
	members={
		425 2199 4306 2198 2208 2201 2197 2416 463 2195 287 2414 2447 284 285 2410 1974 283 2406 282 2412 286 468 2417 464 469 465 471 470 2367 2418 466 1971 4540 1943 281 4542 1944 2407 1942 2962 280 4539 4247 289 291 2411 2413 290 299 288 2409 467 298 4543 2408 302 303 2365 474 2366 472 2420 4692 1966 2441 1965 475 2444 473 2419 304 2415 4255 300 1945 4116 4115 4244 4545 279 1941 278 462 422 4156 1856 4301 4305 421 4299 2202 423 2203 420 2196 2204 419 4303 1756 4530 2405 4706 4529 1940 261 268 4541 2424 2961 
	}
}
girin={
	location=730
	color={
		41 82 45 
	}
	outgoing={
		name="siberia"
		path={
			2194 2117 719 716 1065 1064 
		}
		control={
			4121.000000 1255.000000 4303.000000 1428.000000 4338.000000 1476.000000 4311.000000 1532.000000 4215.000000 1608.000000 
		}
	}
	outgoing={
		name="beijing"
		path={
			2110 726 4652 4233 
		}
		control={
			4752.000000 1386.000000 4727.000000 1347.000000 4716.000000 1349.000000 
		}
	}
	outgoing={
		name="nippon"
		path={
			4653 4657 2743 1377 1376 
		}
		control={
			4813.000000 1373.000000 4801.000000 1356.000000 4814.000000 1347.000000 4826.000000 1304.000000 
		}
	}
	members={
		1850 1049 2108 2111 2186 1058 2102 2104 1053 2103 1034 1035 1036 1037 1038 1039 1040 1041 1042 1043 1044 1046 1047 1052 1783 2438 2439 2440 2446 1055 1056 1057 730 2110 4201 1033 1048 1050 4214 4216 729 731 2105 4215 4217 722 2187 4202 4203 724 725 4218 727 728 2185 4200 4655 4656 4657 4658 4659 4660 4661 4662 4653 4663 4664 4665 4674 2115 
	}
}
gujarat={
	location=504
	color={
		135 104 85 
	}
	outgoing={
		name="zanzibar"
		path={
			1337 1452 1451 1446 1447 1448 
		}
		control={
			3700.000000 854.000000 
		}
	}
	outgoing={
		name="cape_of_good_hope"
		path={
			1337 1452 1451 1446 1447 1448 1198 4036 4048 4038 1187 2951 2952 1800 4783 2856 1178 1177 1460 
		}
		control={
			3716.000000 851.000000 3536.000000 493.000000 3346.000000 71.000000 
		}
	}
	outgoing={
		name="alexandria"
		path={
			1337 1336 1332 399 398 4347 2347 392 4273 
		}
		control={
			3668.290039 1027.219971 
		}
	}
	members={
		4506 504 2088 4503 4504 505 4505 503 2231 4328 2232 575 2233 434 4327 2220 4345 431 2999 2219 2223 4330 4329 430 4331 2218 4332 1099 2217 398 4285 400 399 403 4287 4286 2341 2342 404 397 2333 395 2347 401 394 396 
	}
}
gulf_of_siam={
	location=1365
	color={
		84 152 93 
	}
	outgoing={
		name="malacca"
		path={
			1364 1362 1361 
		}
		control={
			4426.500000 777.000000 4460.500000 730.500000 
		}
	}
	members={
		592 600 601 602 603 604 605 606 607 608 611 612 614 615 1817 1844 1022 2374 2375 2376 2377 2378 2379 2380 2381 2382 2383 2384 2385 2387 2388 2389 591 2404 2371 1365 589 4837 4841 4844 4842 4833 4832 4830 2386 4836 4822 4824 4823 4840 4838 1823 4839 4828 4825 609 4827 4826 4829 4831 4834 4835 
	}
}
hangzhou={
	location=684
	color={
		120 247 216 
	}
	outgoing={
		name="xian"
		path={
			2147 686 4197 2175 687 700 
		}
		control={
			4647.000000 1140.000000 4651.000000 1167.000000 4603.000000 1159.000000 4597.000000 1187.000000 4608.000000 1200.500000 
		}
	}
	outgoing={
		name="beijing"
		path={
			1822 2145 685 4234 2139 4233 
		}
		control={
			4692.000000 1166.500000 4678.000000 1177.000000 4661.000000 1214.000000 4701.000000 1232.000000 4689.000000 1268.000000 
		}
	}
	outgoing={
		name="malacca"
		path={
			2150 669 1829 1371 1394 1367 1362 1361 
		}
		control={
			4666.000000 1118.000000 4671.000000 1098.000000 4652.500000 1078.000000 4583.000000 1011.000000 4611.000000 901.000000 4555.000000 789.000000 4460.500000 730.500000 
		}
	}
	outgoing={
		name="california"
		path={
			1373 1389 1390 1391 1439 1671 1670 1714 1689 1688 1687 1556 2021 2479 
		}
		control={
			4697.000000 1151.000000 4792.500000 1176.000000 4877.000000 1175.000000 4995.000000 1232.000000 5079.000000 1151.000000 5298.000000 1212.000000 5507.000000 1389.000000 489.000000 990.000000 283.000000 1460.000000 528.000000 1434.000000 752.000000 1407.000000 849.000000 1492.000000 906.000000 1502.000000 
		}
	}
	outgoing={
		name="panama"
		path={
			1373 1389 1390 1391 1439 1671 1672 1714 1699 1715 1716 1707 1701 1700 1549 4595 2664 835 
		}
		control={
			4697.000000 1151.000000 4792.500000 1176.000000 4877.000000 1175.000000 4995.000000 1232.000000 5079.000000 1151.000000 5298.000000 1212.000000 5518.000000 1163.000000 489.000000 990.000000 290.000000 1051.000000 651.000000 1011.000000 860.000000 929.000000 1017.000000 962.000000 1186.000000 983.000000 1369.000000 938.000000 1444.000000 1020.000000 1524.000000 1006.000000 1533.000000 1001.000000 
		}
	}
	outgoing={
		name="mexico"
		path={
			1373 1389 1390 1391 1439 1671 1672 1714 1699 1715 1716 1707 1701 1551 
		}
		control={
			4697.000000 1151.000000 4792.500000 1176.000000 4877.000000 1175.000000 4995.000000 1232.000000 5079.000000 1151.000000 5298.000000 1212.000000 5518.000000 1163.000000 489.000000 990.000000 290.000000 1051.000000 651.000000 1011.000000 860.000000 929.000000 1017.000000 962.000000 1186.000000 983.000000 
		}
	}
	outgoing={
		name="lima"
		path={
			1373 1392 1437 1438 1671 1672 1692 1697 1699 1715 1716 1711 1708 1702 1545 809 
		}
		control={
			4697.000000 1151.000000 4783.000000 1092.000000 4888.000000 1075.000000 5050.000000 1013.000000 5298.000000 1212.000000 5518.000000 1163.000000 96.000000 1007.000000 295.000000 1020.000000 290.000000 1051.000000 651.000000 1011.000000 860.000000 929.000000 1011.000000 741.000000 1190.000000 786.000000 1361.000000 765.000000 1528.000000 687.000000 
		}
	}
	members={
		669 670 683 684 685 686 1821 1822 1824 1829 1833 1838 1897 2143 2144 2145 2146 2147 2148 2149 2150 2151 2152 2153 2141 2142 4196 
	}
}
Iberien={
	location=219
	color={
		255 10 10 
	}
	members={
		219 4551 215 216 4788 
	}
	end=yes
}
Italien={
	location=107
	color={
		148 30 70 
	}
	members={
		108 107 109 4739 1862 
	}
	end=yes
}
ivory_coast={
	location=1466
	color={
		81 237 207 
	}
	outgoing={
		name="carribean_trade"
		path={
			1467 1468 1584 1577 1576 1523 1521 1516 
		}
		control={
			2581.000000 676.000000 2209.000000 892.000000 1934.000000 1124.000000 
		}
	}
	outgoing={
		name="Iberien"
		path={
			1141 1140 2295 1143 1142 2268 1133 1130 1794 349 343 1751 226 4546 225 2754 219 
		}
		control={
			2579.000000 713.000000 2430.000000 1070.000000 2498.000000 1241.000000 2666.000000 1311.000000 
		}
	}
	outgoing={
		name="Frankreich"
		path={
			1141 1140 2292 1143 1142 2269 2271 1794 350 2459 338 1301 333 1296 200 4391 199 190 179 184 
		}
		control={
			2579.429932 712.280029 2428.000000 1070.000000 2497.000000 1240.000000 2608.000000 1407.000000 2778.000000 1462.000000 
		}
	}
	outgoing={
		name="England"
		path={
			1141 1140 2295 1143 1142 2269 2271 1794 2463 2462 2461 1301 333 1296 2753 198 199 4697 179 184 4388 167 1271 4371 237 4372 4375 245 
		}
		control={
			2579.000000 713.000000 2427.000000 1071.000000 2496.000000 1240.000000 2589.000000 1389.000000 2706.000000 1549.000000 2736.000000 1591.000000 
		}
	}
	outgoing={
		name="Rheinland"
		path={
			1141 1140 2292 1143 1142 2269 2271 1794 350 2458 339 1301 1300 1297 201 202 204 4719 4764 193 187 4766 94 93 2974 95 
		}
		control={
			2578.000000 712.000000 2427.000000 1072.000000 2496.000000 1240.000000 2555.000000 1625.000000 2681.000000 1852.000000 2834.000000 1765.000000 2871.000000 1611.000000 
		}
	}
	outgoing={
		name="Schweden"
		path={
			1141 1140 2292 1143 2278 1148 2276 2275 1794 350 2458 339 1301 1300 1298 101 4728 104 4740 4722 1873 73 65 2955 1757 2967 4744 59 4748 51 4749 47 1257 4165 4166 
		}
		control={
			2576.000000 712.000000 2428.000000 1070.000000 2497.080078 1240.630005 2556.000000 1622.000000 2681.000000 1852.000000 2984.000000 1819.000000 3048.000000 1735.000000 
		}
	}
	outgoing={
		name="Italien"
		path={
			1141 1140 2292 1143 2278 1148 2276 2275 1794 350 2458 339 1301 1300 1298 101 105 109 107 
		}
		control={
			2579.000000 711.000000 2427.000000 1071.000000 2497.000000 1241.000000 2588.000000 1388.000000 2792.000000 1390.000000 2915.000000 1362.000000 
		}
	}
	outgoing={
		name="tunis"
		path={
			1141 1140 2292 1143 1142 2269 2271 1794 2457 2456 
		}
		control={
			2577.000000 711.000000 2427.000000 1070.000000 2496.000000 1241.000000 2621.000000 1184.000000 2835.000000 1220.000000 
		}
	}
	members={
		1164 1096 1793 2241 1466 1097 1098 1118 1119 1151 1163 2242 1306 1126 1139 1141 2257 2258 1147 2289 2290 2294 1111 1112 1113 1116 2239 1114 1117 2238 1174 
	}
}
kongo={
	location=4097
	color={
		171 148 148 
	}
	outgoing={
		name="ivory_coast"
		path={
			4090 1797 1165 1464 1465 1466 
		}
		control={
			2956.000000 670.000000 
		}
	}
	outgoing={
		name="ethiopia"
		path={
			4105 4109 4068 4067 4066 4065 4074 1798 2757 2758 2762 2770 2772 
		}
		control={
			3228.000000 773.000000 
		}
	}
	outgoing={
		name="cape_of_good_hope"
		path={
			4098 4107 4095 1801 1175 1460 
		}
		control={
			3159.000000 256.000000 
		}
	}
	outgoing={
		name="timbuktu"
		path={
			4090 1797 1164 1163 1151 2289 1146 1144 2292 1143 1142 2268 2264 2262 1132 
		}
		control={
			3108.000000 751.000000 2865.000000 857.000000 
		}
	}
	outgoing={
		name="zanzibar"
		path={
			4099 4103 4077 4073 4058 1197 1448 
		}
		control={
			3331.000000 554.000000 
		}
	}
	members={
		798 1169 1170 1901 2948 2949 4081 4082 4083 4084 4085 4086 4087 4088 4089 4090 4091 4092 4093 4094 4095 4096 4107 4098 4100 4101 4102 4103 4097 4099 4105 4109 4108 4104 4106 1189 2950 1184 2952 1185 1188 2951 1191 4034 4035 4038 1187 4039 1651 4040 4045 4050 4047 1190 4046 4037 4048 4036 4042 4041 4043 4044 4073 4072 4070 1796 1798 4065 4074 4075 1799 4060 1925 1273 4055 4058 4076 4056 4057 4061 4059 4054 4053 4062 1649 4063 4071 4069 4067 4066 4068 4064 4077 4784 1800 4781 4783 4782 
	}
}
lahore={
	location=507
	color={
		63 150 30 
	}
	outgoing={
		name="persia"
		path={
			4510 4509 2200 577 4328 435 436 4334 427 4177 4341 
		}
		control={
			3810.000000 1215.000000 
		}
	}
	outgoing={
		name="gujarat"
		path={
			4513 4508 2086 2072 505 504 
		}
		control={
			3906.000000 1111.000000 
		}
	}
	members={
		1785 1787 2200 508 2073 2074 4449 4521 507 2075 2076 4510 4513 506 2079 2086 4508 4509 2077 2078 4511 510 2065 4411 4463 576 577 2068 448 451 452 578 2226 447 449 2225 450 2227 2228 4507 512 513 2072 514 2066 
	}
}
laplata={
	location=1536
	color={
		223 29 30 
	}
	outgoing={
		name="brazil"
		path={
			1535 1534 1533 1532 1531 
		}
		control={
			2001.000000 329.000000 2074.000000 414.000000 2144.000000 481.000000 2213.000000 579.000000 
		}
	}
	members={
		772 773 777 778 779 790 1536 1095 2025 2843 2844 2845 2846 2847 2848 2849 2850 2851 2852 2853 2854 2855 2857 2858 2859 2860 2861 2865 2866 2877 2878 2879 2884 2887 
	}
}
lhasa={
	location=677
	color={
		253 29 153 
	}
	outgoing={
		name="lahore"
		path={
			4518 2129 2128 2074 509 2075 507 
		}
		control={
			4131.000000 1159.000000 
		}
	}
	outgoing={
		name="chengdu"
		path={
			1788 2131 678 4403 679 
		}
		control={
			4338.000000 1163.000000 
		}
	}
	outgoing={
		name="ganges_delta"
		path={
			4517 4481 2042 2046 564 1343 
		}
		control={
			4219.000000 1082.000000 
		}
	}
	members={
		2129 2128 676 2134 4204 677 4205 565 4481 4482 557 2070 2071 4483 4485 4514 4515 4516 4517 4518 4519 4520 4522 
	}
}
lima={
	location=809
	color={
		130 232 201 
	}
	outgoing={
		name="panama"
		path={
			2827 2825 2943 821 818 4604 823 1548 835 
		}
		control={
			1606.000000 713.000000 1607.000000 745.000000 1611.000000 777.000000 1631.000000 871.000000 1622.000000 830.000000 1590.000000 892.000000 1606.000000 953.000000 1551.000000 972.000000 
		}
	}
	members={
		812 2002 2821 2822 2826 816 817 819 820 2820 815 818 821 2823 2944 2945 813 2824 2825 2943 809 810 811 814 2827 807 808 2829 2830 805 806 2828 
	}
}
lubeck={
	location=45
	color={
		250 250 250 
	}
	outgoing={
		name="Schweden"
		path={
			1258 6 4165 4166 
		}
		control={
			2991.000000 1636.000000 
		}
	}
	outgoing={
		name="Polen"
		path={
			2996 46 4749 2993 49 2963 4523 4524 256 4525 257 
		}
		control={
			3077.000000 1588.000000 
		}
	}
	outgoing={
		name="Rheinland"
		path={
			1857 44 54 1874 55 2973 4381 99 4770 95 
		}
		control={
			2937.000000 1563.000000 
		}
	}
	outgoing={
		name="Bayern"
		path={
			2996 4786 4748 59 61 1771 266 
		}
		control={
			3036.000000 1550.000000 
		}
	}
	outgoing={
		name="Wallachei"
		path={
			1258 1257 1927 39 1935 273 275 771 293 4245 296 4252 307 1754 306 2422 1082 
		}
		control={
			3338.000000 1741.000000 
		}
	}
	members={
		12 13 14 15 44 45 46 47 54 1775 1857 1874 1981 1983 1984 2994 2996 4141 4142 4149 4745 4771 48 2995 4746 4747 49 2969 50 4749 2993 1858 51 4748 2964 4786 53 52 1759 55 1931 4382 2971 1758 4772 56 2973 4775 57 43 2997 1841 42 41 40 271 39 1935 4241 38 37 1834 1842 36 35 2963 59 62 58 4741 4742 4773 2972 86 69 1762 82 81 63 1936 767 2958 1859 4523 
	}
}
malacca={
	location=1361
	color={
		209 94 16 
	}
	outgoing={
		name="ganges_delta"
		path={
			1348 574 1346 1344 1343 
		}
		control={
			4281.000000 822.000000 
		}
	}
	outgoing={
		name="cape_of_good_hope"
		path={
			618 4810 4809 2674 2673 617 1350 1622 1621 1647 1455 1454 1627 1458 1180 833 1179 1460 
		}
		control={
			4207.000000 276.000000 3852.000000 118.000000 3511.000000 36.000000 
		}
	}
	members={
		593 594 595 596 597 598 599 617 618 619 620 621 622 623 636 637 638 639 640 659 1361 2390 2391 2392 2393 2394 2673 2674 2675 2676 2677 2678 2679 2680 2681 2682 2683 2684 2685 2686 2703 2704 2705 2706 2707 2708 2709 2710 2711 2712 2740 4812 4813 4814 4815 4816 4818 4817 4810 4809 4811 4808 4803 4802 4804 4805 4806 4807 4799 4800 4801 
	}
}
mexico={
	location=1551
	color={
		0 176 0 
	}
	outgoing={
		name="carribean_trade"
		path={
			1550 839 4593 840 1514 1517 1516 
		}
		control={
			1334.000000 1077.000000 1427.000000 1091.000000 1443.000000 1111.000000 1454.000000 1112.000000 1533.000000 1112.000000 1631.000000 1102.000000 
		}
	}
	outgoing={
		name="panama"
		path={
			1550 1549 4595 2664 835 
		}
		control={
			1334.000000 1077.000000 1444.000000 1020.000000 1524.000000 1006.000000 1533.000000 1001.000000 
		}
	}
	members={
		1551 854 2617 2621 2657 851 2622 2623 2624 2643 849 2627 2645 2648 850 852 2626 2628 2644 848 2630 2631 2641 2647 844 847 2629 2646 2632 2635 2638 2649 841 842 843 2636 2653 845 2633 2650 2651 846 2634 2652 853 856 857 2615 2642 4589 4594 4587 4586 4585 4588 4591 4590 4584 4582 4598 4583 4581 4571 4570 4572 4641 4573 4575 4580 4574 4579 4576 4640 4642 4643 4645 839 
	}
}
mississippi_river={
	location=950
	color={
		7 210 246 
	}
	outgoing={
		name="carribean_trade"
		path={
			1501 1571 1504 1524 1516 
		}
		control={
			1626.000000 1454.000000 1680.000000 1392.000000 1645.000000 1324.000000 1691.000000 1229.000000 
		}
	}
	outgoing={
		name="Iberien"
		path={
			1521 1523 1576 1581 1578 1566 1292 4787 228 4788 219 
		}
		control={
			1746.000000 1503.000000 2250.000000 1751.000000 2488.959961 1611.699951 2587.000000 1389.000000 2675.000000 1355.000000 
		}
	}
	outgoing={
		name="Frankreich"
		path={
			1521 1523 1575 1583 1580 1567 1563 1289 1274 171 4384 177 4776 184 
		}
		control={
			1747.000000 1504.000000 2252.000000 1751.000000 2489.000000 1613.000000 2648.439941 1438.750000 2780.000000 1464.000000 
		}
	}
	outgoing={
		name="England"
		path={
			1524 1574 1572 1582 1568 1564 1479 1286 4380 1284 244 245 
		}
		control={
			1747.000000 1505.000000 2250.000000 1750.000000 2576.000000 1737.000000 2656.000000 1650.000000 2745.000000 1620.000000 
		}
	}
	outgoing={
		name="Rheinland"
		path={
			2658 4620 1526 1575 1583 1580 1567 1563 1288 1285 239 237 236 1270 1269 98 95 
		}
		control={
			1746.000000 1504.000000 2252.000000 1751.000000 2681.000000 1852.000000 2832.000000 1767.000000 2869.000000 1611.000000 
		}
	}
	outgoing={
		name="Schweden"
		path={
			2658 4620 1526 1575 1583 1580 1567 1563 1288 1285 239 237 4370 1860 1270 1269 1268 1984 1259 26 4166 
		}
		control={
			1746.000000 1505.000000 2252.000000 1751.000000 2681.000000 1852.000000 2984.000000 1820.000000 3048.000000 1735.000000 
		}
	}
	outgoing={
		name="Italien"
		path={
			1521 1523 1576 1581 1578 1566 1291 206 1278 1276 4111 180 179 191 1877 4764 4721 4162 166 4722 4160 107 
		}
		control={
			1746.000000 1506.000000 2251.000000 1751.000000 2487.000000 1612.000000 2647.000000 1439.000000 2792.000000 1391.000000 2914.000000 1362.000000 
		}
	}
	outgoing={
		name="tunis"
		path={
			1521 1523 1576 1581 1578 1471 1110 348 2464 346 349 2463 350 2456 
		}
		control={
			1746.000000 1506.000000 2251.000000 1750.000000 2489.459961 1611.380005 2587.000000 1389.000000 2620.000000 1185.000000 2834.000000 1220.000000 
		}
	}
	outgoing={
		name="st_lawrence"
		path={
			1500 1499 1492 985 1491 1490 
		}
		control={
			1664.000000 1522.000000 1720.000000 1583.000000 1788.000000 1617.000000 1763.000000 1667.000000 1848.000000 1679.000000 
		}
	}
	members={
		900 902 2513 894 895 897 925 2531 919 2528 918 934 2527 899 2509 2515 889 890 2506 2507 2625 891 892 896 898 901 903 2508 2672 905 907 2007 1809 2008 2009 2504 2505 904 2512 1507 915 917 2520 939 940 2519 916 2524 943 958 960 2560 965 2558 2023 959 954 947 946 2525 948 2526 941 936 931 930 2537 2539 2538 2540 929 2543 2546 938 950 952 953 2550 2547 2545 937 2549 949 2544 933 2541 2548 2552 2011 2553 2556 2551 955 956 2639 962 2554 957 932 2542 2523 4916 4900 4901 4915 4914 4908 4886 4923 4883 4913 4881 4880 4882 4879 4932 935 4931 4888 4930 951 4889 4878 4933 4877 4921 4904 4887 2514 4906 4905 4907 4875 4872 4876 4929 4927 2555 4928 2557 
	}
}
Nil={
	location=361
	color={
		162 93 31 
	}
	members={
		361 4318 359 2317 2319 
	}
	end=yes
}
nippon={
	location=1376
	color={
		76 188 9 
	}
	outgoing={
		name="hangzhou"
		path={
			1389 1373 684 
		}
		control={
			4792.500000 1176.000000 4697.000000 1151.000000 
		}
	}
	outgoing={
		name="california"
		path={
			1388 1980 1025 4131 4225 1669 1668 1690 1689 1688 1687 1556 2021 2479 
		}
		control={
			4894.000000 1299.000000 4945.000000 1346.000000 4994.000000 1306.000000 5008.000000 1323.000000 5071.000000 1372.000000 5269.000000 1402.000000 5530.000000 1599.000000 80.000000 1471.000000 283.000000 1460.000000 528.000000 1434.000000 752.000000 1407.000000 849.000000 1492.000000 906.000000 1502.000000 
		}
	}
	outgoing={
		name="panama"
		path={
			1018 1830 4185 1023 1835 4188 1843 1026 1440 1671 1672 1714 1699 1715 1716 1707 1701 1700 1549 4595 2664 835 
		}
		control={
			4884.000000 1237.000000 4905.000000 1238.000000 4917.000000 1236.000000 4935.000000 1250.000000 4945.000000 1242.000000 4961.000000 1251.000000 4983.000000 1262.000000 5004.000000 1308.000000 5082.000000 1307.000000 5298.000000 1212.000000 5518.000000 1163.000000 489.000000 990.000000 290.000000 1051.000000 651.000000 1011.000000 860.000000 929.000000 1017.000000 962.000000 1186.000000 983.000000 1369.000000 938.000000 1444.000000 1020.000000 1524.000000 1006.000000 1533.000000 1001.000000 
		}
	}
	outgoing={
		name="mexico"
		path={
			1018 1830 4185 1023 1835 4188 1843 1026 1440 1671 1672 1714 1699 1715 1716 1707 1701 1551 
		}
		control={
			4884.000000 1237.000000 4905.000000 1238.000000 4917.000000 1236.000000 4935.000000 1250.000000 4945.000000 1242.000000 4961.000000 1251.000000 4983.000000 1262.000000 5004.000000 1308.000000 5082.000000 1307.000000 5298.000000 1212.000000 5518.000000 1163.000000 489.000000 990.000000 290.000000 1051.000000 651.000000 1011.000000 860.000000 929.000000 1017.000000 962.000000 1186.000000 983.000000 
		}
	}
	outgoing={
		name="malacca"
		path={
			1389 1392 1393 1394 1367 1362 1361 
		}
		control={
			4792.500000 1176.000000 4783.000000 1092.000000 4703.000000 994.000000 4611.000000 901.000000 4555.000000 789.000000 4460.500000 730.500000 
		}
	}
	members={
		1376 1012 1014 1017 1018 1019 1020 1021 1023 1024 1025 1026 1027 1028 1029 1030 1031 1032 1818 1819 1820 1825 1830 1832 1835 1837 1839 1843 1847 1852 4131 4180 4181 4182 4183 4184 4185 4186 4187 4188 4189 4190 4191 4192 4193 1015 4359 4360 4651 1845 2744 4232 732 2742 2743 733 735 4230 4231 734 736 2694 2745 4227 737 1013 2741 4228 4229 
	}
}
north_sea={
	location=23
	color={
		8 82 165 
	}
	outgoing={
		name="England"
		path={
			1266 1975 1279 4368 245 
		}
		control={
			2882.000000 1665.000000 2845.000000 1653.000000 2801.000000 1623.000000 2787.000000 1607.000000 
		}
	}
	outgoing={
		name="Schweden"
		path={
			4146 17 4143 4164 4163 4166 
		}
		control={
			2934.000000 1763.000000 2972.000000 1744.000000 2983.000000 1724.000000 2994.000000 1711.000000 3006.000000 1683.000000 
		}
	}
	members={
		1978 4113 11 2953 4151 315 21 18 10 20 4114 4153 2752 4144 4145 24 23 4146 1979 370 371 22 17 4143 1930 9 8 25 16 4 1 2 251 369 3 4163 26 4165 1982 6 252 250 4363 253 4364 249 4362 248 4361 4121 372 4380 4119 373 4120 4379 4377 374 4118 4378 375 376 4110 
	}
}
novgorod={
	location=4248
	color={
		96 131 80 
	}
	outgoing={
		name="Schweden"
		path={
			294 1959 1752 311 274 1834 37 1256 39 1927 1257 4165 4166 
		}
		control={
			3224.000000 1734.000000 
		}
	}
	outgoing={
		name="Polen"
		path={
			294 4249 1752 4243 771 4242 276 4537 277 269 257 
		}
		control={
			3271.000000 1628.000000 
		}
	}
	outgoing={
		name="Wallachei"
		path={
			4253 1956 1754 306 2422 1082 
		}
		control={
			3482.000000 1658.000000 
		}
	}
	members={
		275 1960 4148 310 311 1959 2749 4260 294 1752 4243 4248 4249 4147 308 1753 4117 4250 1956 312 4259 4261 305 1962 1957 4262 314 4263 1755 4256 4122 1963 1077 1964 4129 1080 1078 771 293 4245 296 297 4246 4257 1955 4258 1958 309 1776 313 1777 4152 19 31 4124 32 33 34 274 30 28 1885 4123 27 29 273 1961 4534 4535 770 292 4242 4544 4536 276 272 270 4537 1937 4253 2421 4267 2422 1083 306 2425 2423 1754 4254 1778 1081 4264 301 307 4252 295 4251 
	}
}
panama={
	location=835
	color={
		131 221 119 
	}
	outgoing={
		name="carribean_trade"
		path={
			1515 1517 1516 
		}
		control={
			1568.000000 1047.000000 1631.000000 1102.000000 
		}
	}
	members={
		840 2637 2640 2662 837 838 2660 2661 2663 826 835 836 2664 2819 828 2806 824 825 827 832 2817 2812 2814 2815 822 823 2816 2818 4605 4604 4607 4608 4603 4600 4601 4602 4599 4596 4595 4597 4592 4593 829 
	}
}
patagonia={
	location=2868
	color={
		121 231 129 
	}
	outgoing={
		name="laplata"
		path={
			786 779 1536 
		}
		control={
			1797.000000 251.000000 1855.000000 240.000000 
		}
	}
	members={
		2868 2876 2869 786 2873 2874 780 781 782 783 2870 2875 2863 784 787 2862 785 2867 2871 2872 
	}
}
persia={
	location=4341
	color={
		204 119 31 
	}
	outgoing={
		name="alexandria"
		path={
			4177 428 2213 4170 2217 430 1335 394 4274 4273 
		}
		control={
			3541.000000 1144.000000 
		}
	}
	outgoing={
		name="Georgien"
		path={
			426 417 4339 4340 421 425 2199 2208 2417 468 288 
		}
		control={
			3601.000000 1372.000000 
		}
	}
	members={
		446 4325 2221 2235 2236 4326 2214 4341 445 444 4344 454 4343 2350 437 2349 443 439 438 441 2370 2362 440 1970 1973 455 2352 2351 2353 2358 2359 476 478 2355 2360 4685 477 2361 456 1969 442 453 2363 1967 1968 2127 2124 4209 4210 458 739 2368 2125 460 457 2364 459 2126 461 2356 1327 427 2216 428 4177 4336 4324 2224 436 2222 4334 426 2213 4335 4337 414 417 4339 2215 4338 413 4170 429 4171 433 432 435 2230 2229 2234 4342 4289 
	}
}
pest={
	location=153
	color={
		181 0 20 
	}
	outgoing={
		name="Polen"
		path={
			1318 2960 259 257 
		}
		control={
			3131.000000 1521.000000 
		}
	}
	outgoing={
		name="Bayern"
		path={
			1772 265 4725 266 
		}
		control={
			3074.000000 1504.000000 
		}
	}
	outgoing={
		name="Anatolien"
		path={
			155 156 2746 150 2750 149 151 1320 317 322 
		}
		control={
			3188.000000 1354.000000 
		}
	}
	outgoing={
		name="Italien"
		path={
			1864 152 4751 129 1769 111 1774 108 107 
		}
		control={
			3034.000000 1459.000000 
		}
	}
	members={
		135 153 1864 4126 4240 155 1953 1954 4125 154 1772 4236 157 156 1951 4532 141 4176 2746 132 1863 134 4762 1770 133 4761 4760 128 4759 4155 162 2959 1318 2960 262 263 4726 4237 4725 2970 4724 4238 4723 264 2966 4778 60 1763 265 258 4526 254 4524 4528 255 4533 160 2998 4531 161 4128 158 4127 1952 256 1938 269 260 4538 277 
	}
}
philippines={
	location=4352
	color={
		89 62 73 
	}
	outgoing={
		name="the_moluccas"
		path={
			4351 4354 1398 1359 1358 628 4794 
		}
		control={
			4726.000000 807.000000 4724.000000 772.000000 4695.000000 743.000000 4681.000000 673.500000 4609.000000 566.000000 4546.000000 538.000000 
		}
	}
	members={
		1397 2701 2702 4355 652 653 4354 654 2700 4351 4352 4353 651 655 4356 657 658 2698 4348 656 2697 2699 4349 4350 1240 1997 
	}
}
Polen={
	location=257
	color={
		250 250 250 
	}
	members={
		257 4525 1939 4527 259 
	}
	end=yes
}
rheinland={
	location=4765
	color={
		3 3 3 
	}
	outgoing={
		name="Frankreich"
		path={
			189 187 4392 185 184 
		}
		control={
			2875.000000 1476.000000 
		}
	}
	outgoing={
		name="Rheinland"
		path={
			75 188 94 93 2974 95 
		}
		control={
			2897.000000 1510.000000 
		}
	}
	outgoing={
		name="Bayern"
		path={
			74 70 71 67 1757 267 266 
		}
		control={
			3000.000000 1493.000000 
		}
	}
	outgoing={
		name="Italien"
		path={
			72 1870 4722 4160 107 
		}
		control={
			2952.000000 1445.000000 
		}
	}
	members={
		77 78 79 80 1761 66 67 4714 4718 4715 4716 71 4767 4774 1876 188 75 189 4765 74 4764 193 1880 165 4721 4162 1867 72 166 1869 1870 4712 4713 70 2956 4709 2957 2955 4711 94 4766 4392 192 187 4390 1872 1868 4710 68 1873 4722 1877 191 1757 4717 83 84 1760 85 4768 2965 61 4744 4743 73 65 4707 76 64 4708 
	}
}
Rheinland={
	location=95
	color={
		249 120 3 
	}
	members={
		2974 95 1742 4770 92 
	}
	end=yes
}
rio_grande={
	location=2499
	color={
		144 185 157 
	}
	outgoing={
		name="mississippi_river"
		path={
			1508 1507 928 4881 2537 929 2542 932 2543 2545 937 2547 950 
		}
		control={
			1342.000000 1312.000000 1429.000000 1334.000000 1503.000000 1364.000000 1496.000000 1380.000000 1498.000000 1385.000000 1522.000000 1408.000000 1545.000000 1409.000000 1558.000000 1426.000000 1567.000000 1434.000000 1562.000000 1454.000000 1578.000000 1468.000000 1608.000000 1469.000000 
		}
	}
	outgoing={
		name="mexico"
		path={
			2668 858 2641 848 4583 2644 4571 2645 2627 1551 
		}
		control={
			1269.000000 1285.000000 1256.000000 1259.000000 1270.000000 1221.000000 1300.000000 1184.000000 1284.000000 1190.000000 1278.000000 1180.000000 1257.000000 1172.000000 1251.000000 1161.000000 1231.000000 1151.000000 
		}
	}
	members={
		863 864 2498 2618 861 2614 2619 2666 2667 858 2499 2668 880 881 2495 875 878 2493 2494 882 885 2496 2497 883 886 2500 884 887 888 2665 2669 4606 4627 4629 4628 4644 4630 4631 4632 4910 4909 4911 2516 893 4884 2014 921 2530 2533 923 922 924 4885 920 2529 2532 
	}
}
Schweden={
	location=4166
	color={
		235 178 18 
	}
	members={
		4166 7 1985 5 4164 
	}
	end=yes
}
sevilla={
	location=2454
	color={
		57 160 101 
	}
	outgoing={
		name="Italien"
		path={
			2455 1302 1303 117 116 106 109 107 
		}
		control={
			2972.000000 1416.000000 
		}
	}
	outgoing={
		name="Iberien"
		path={
			1882 1301 1295 4549 2751 219 
		}
		control={
			2876.000000 1296.000000 
		}
	}
	outgoing={
		name="Nil"
		path={
			2453 1305 1313 357 2326 2325 358 4317 361 
		}
		control={
			3161.000000 1171.000000 
		}
	}
	outgoing={
		name="tunis"
		path={
			352 2456 
		}
		control={
			2891.000000 1211.000000 
		}
	}
	members={
		206 207 208 231 232 1293 218 224 225 226 227 228 229 230 334 335 367 1747 1749 1751 1851 4150 4546 4548 4553 4554 4555 4556 4558 4561 4563 4787 343 2467 342 2468 344 4564 2469 345 2470 1110 347 366 4565 368 348 2466 2464 4569 4568 346 2460 349 4167 336 4168 2463 2465 337 2462 4562 2459 2458 339 340 1882 2461 2454 4566 2455 338 2472 352 2473 4169 341 4736 125 4737 2982 124 353 2453 2450 4567 2448 2474 2449 2451 355 354 2452 2954 356 357 2326 2325 126 1794 4676 4670 2191 2106 705 1815 2747 2188 4654 4671 2109 4675 
	}
}
siberia={
	location=1064
	color={
		11 195 237 
	}
	outgoing={
		name="novgorod"
		path={
			2433 1071 1074 2427 1078 305 1972 1082 1083 1957 1753 308 4147 4248 
		}
		control={
			3862.000000 1744.000000 
		}
	}
	outgoing={
		name="persia"
		path={
			480 2434 478 4685 476 2358 2352 1970 440 2370 2362 438 2349 2214 4341 
		}
		control={
			4046.000000 1576.000000 
		}
	}
	members={
		1782 1781 1071 479 1054 1059 1061 1062 1063 1064 1067 1068 1070 480 1069 1073 1074 1075 1076 2357 2369 2427 2428 2429 2430 2431 2432 2433 2434 2436 2437 2442 2443 2445 1072 1045 2435 1051 2354 716 1065 1066 1060 4679 4686 4687 4688 4689 4690 4691 2426 1780 
	}
}
st_lawrence={
	location=1490
	color={
		193 192 14 
	}
	outgoing={
		name="Schweden"
		path={
			2658 4620 1526 1575 1583 1580 1567 1563 1288 1285 239 237 4370 1860 1270 1269 1268 1984 1259 26 4166 
		}
		control={
			1926.000000 1751.000000 2256.000000 1753.000000 2681.000000 1852.000000 2984.000000 1820.000000 3048.000000 1735.000000 
		}
	}
	outgoing={
		name="Rheinland"
		path={
			2658 4620 1526 1575 1583 1580 1567 1563 1288 1285 239 237 236 1270 1269 98 95 
		}
		control={
			1923.000000 1750.000000 2252.000000 1752.000000 2681.000000 1852.000000 2832.000000 1767.000000 2869.000000 1611.000000 
		}
	}
	outgoing={
		name="England"
		path={
			1524 1574 1572 1582 1568 1564 1479 1286 4380 1284 244 245 
		}
		control={
			1922.000000 1750.000000 2255.000000 1749.000000 2576.000000 1737.000000 2656.000000 1650.000000 2745.000000 1620.000000 
		}
	}
	outgoing={
		name="Frankreich"
		path={
			1521 1523 1575 1583 1580 1567 1563 1289 1274 171 4384 177 4776 184 
		}
		control={
			1923.000000 1750.000000 2249.000000 1748.000000 2489.000000 1613.000000 2648.439941 1438.750000 2780.000000 1464.000000 
		}
	}
	outgoing={
		name="Iberien"
		path={
			1521 1523 1576 1581 1578 1566 1292 4787 228 4788 219 
		}
		control={
			1924.000000 1749.000000 2250.000000 1751.000000 2488.959961 1611.699951 2587.000000 1389.000000 2675.000000 1355.000000 
		}
	}
	outgoing={
		name="Bayern"
		path={
			1493 1496 1497 1498 1478 1283 4363 248 1280 1975 1268 44 53 2964 52 58 59 61 1771 266 
		}
		control={
			1925.000000 1749.000000 2254.000000 1751.000000 2682.000000 1854.000000 2833.000000 1766.000000 2913.000000 1621.000000 2956.000000 1567.000000 3005.000000 1535.000000 
		}
	}
	outgoing={
		name="Polen"
		path={
			1493 1496 1497 1498 1478 1283 4363 248 1280 1975 1268 44 53 4786 51 50 49 2963 4523 4524 256 4525 257 
		}
		control={
			1923.000000 1749.000000 2255.000000 1751.000000 2682.000000 1852.000000 2985.000000 1819.000000 3092.000000 1731.000000 3096.000000 1676.000000 3097.000000 1606.000000 
		}
	}
	outgoing={
		name="Italien"
		path={
			1521 1523 1576 1581 1578 1566 1291 206 1278 1276 4111 180 179 191 1877 4764 4721 4162 166 4722 4160 107 
		}
		control={
			1924.000000 1749.000000 2251.000000 1751.000000 2487.000000 1612.000000 2647.000000 1439.000000 2792.000000 1391.000000 2914.000000 1362.000000 
		}
	}
	outgoing={
		name="tunis"
		path={
			1521 1523 1576 1581 1578 1471 1110 348 2464 346 349 2463 350 2456 
		}
		control={
			1924.000000 1750.000000 2251.000000 1750.000000 2489.459961 1611.380005 2587.000000 1389.000000 2620.000000 1185.000000 2834.000000 1220.000000 
		}
	}
	members={
		996 2576 2577 2578 986 994 995 2582 2583 990 993 2584 2012 971 2013 2565 2566 2567 985 2570 2571 2572 980 981 2573 997 2574 2575 2579 2580 2581 969 2559 2563 982 983 2568 2569 1104 1105 1490 1804 1001 991 988 2585 992 989 2671 2586 2587 2521 2522 945 911 914 913 912 2518 2517 910 1007 2588 1805 999 998 1486 1807 2589 1002 1000 1003 2590 2591 1806 1004 1005 1006 1811 1812 2600 2599 2601 2603 2018 2602 2017 2595 2597 2596 1813 1011 2594 1009 1008 2016 2593 1010 2511 2005 2503 2502 2598 2510 2006 2501 2004 2592 2608 2015 984 4918 4917 4919 4920 4902 4899 4898 4897 4894 4895 4924 4893 4873 2564 4925 4871 4912 4890 4892 4896 4891 4926 964 961 966 2562 970 968 2561 967 2010 4874 963 4922 4903 942 944 987 2670 908 906 909 
	}
}
the_moluccas={
	location=4794
	color={
		61 118 167 
	}
	outgoing={
		name="malacca"
		path={
			628 629 1360 1361 
		}
		control={
			4508.000000 599.000000 
		}
	}
	outgoing={
		name="panama"
		path={
			1355 633 1401 1409 2723 2722 1407 1406 1432 1433 1732 1735 1736 1740 1711 1701 1700 1549 4595 2664 835 
		}
		control={
			6398.259766 574.530029 6730.410156 746.010010 6967.870117 928.099976 
		}
	}
	outgoing={
		name="cape_of_good_hope"
		path={
			2691 2690 1353 1642 1644 1645 1646 1647 1455 1454 1627 1458 1180 833 1179 1460 
		}
		control={
			4362.000000 222.000000 3944.000000 118.000000 3493.000000 41.000000 
		}
	}
	members={
		646 2687 2688 2689 2690 2718 2724 1245 647 645 2717 648 649 650 2725 2696 2695 635 633 634 643 2713 2714 642 2715 641 2716 632 627 2691 631 2693 629 2692 628 626 625 630 624 644 2723 2722 2721 1237 2720 2719 1789 4790 4792 4793 4791 4794 4797 4795 4798 4796 4845 
	}
}
timbuktu={
	location=1132
	color={
		217 15 218 
	}
	outgoing={
		name="sevilla"
		path={
			1130 1794 2457 2456 352 2454 
		}
		control={
			2800.000000 1068.000000 
		}
	}
	outgoing={
		name="ethiopia"
		path={
			1130 2271 2273 2276 1156 2284 1158 1795 1221 2800 2799 4033 2772 
		}
		control={
			3167.000000 870.000000 
		}
	}
	outgoing={
		name="ivory_coast"
		path={
			2259 2261 1134 2253 1125 2255 2257 2258 1466 
		}
		control={
			2769.000000 840.000000 
		}
	}
	members={
		1115 2237 2240 1122 1125 2251 1135 1137 2265 2266 1136 2256 2267 2252 2253 2254 2255 1138 2247 1120 1121 1124 1123 1131 1132 1134 1133 1142 2243 2244 2245 2246 2248 2249 2250 2259 2260 2261 2262 2263 2264 2268 2269 2270 1127 1128 1129 1130 2271 1140 1143 2291 2292 2295 1144 1146 2475 2275 2274 2272 2273 2276 2277 1156 2282 2284 1158 1160 2286 2283 2287 1157 1249 2285 1161 2281 2280 1155 2279 1148 1150 2278 2293 1154 1153 1162 1152 1145 1149 1795 
	}
}
tunis={
	location=2456
	color={
		0 0 0 
	}
	members={
		2456 2457 2472 350 351 
	}
	end=yes
}
venice={
	location=1308
	color={
		54 167 156 
	}
	outgoing={
		name="Italien"
		path={
			4729 108 107 
		}
		control={
			2985.000000 1421.000000 
		}
	}
	outgoing={
		name="Bayern"
		path={
			111 4759 132 4761 133 4725 266 
		}
		control={
			3046.000000 1466.000000 
		}
	}
	outgoing={
		name="Wallachei"
		path={
			1826 1828 1767 4126 155 157 1952 4155 4530 2405 282 2406 283 2411 2409 467 2415 304 1081 4264 1082 
		}
		control={
			3225.000000 1416.000000 3353.000000 1550.000000 3458.000000 1616.000000 
		}
	}
	outgoing={
		name="Anatolien"
		path={
			136 137 4754 4175 4780 3001 4702 4705 4779 1320 317 322 
		}
		control={
			3143.000000 1319.000000 
		}
	}
	outgoing={
		name="tunis"
		path={
			119 4731 118 1303 1302 1882 340 4169 351 2456 
		}
		control={
			3026.000000 1355.000000 3060.000000 1277.000000 2992.729980 1185.630005 
		}
	}
	members={
		111 112 1768 4758 4738 1769 130 119 120 4733 2985 1933 122 2984 123 4751 129 4752 1826 4753 137 136 139 1828 131 4756 152 140 1767 3002 1831 4755 138 4754 1827 1766 4175 4780 4174 4750 143 1853 144 4699 142 4698 1773 145 4701 146 3003 147 3001 3000 164 163 1934 2983 4734 121 4732 4757 4173 4239 110 1774 4729 113 114 2977 4731 2976 2978 1308 
	}
}
Wallachei={
	location=1082
	color={
		95 139 214 
	}
	members={
		1082 1079 1972 4266 4265 
	}
	end=yes
}
xian={
	location=700
	color={
		148 226 123 
	}
	outgoing={
		name="beijing"
		path={
			694 2178 4195 695 4233 
		}
		control={
			4569.000000 1260.000000 4568.000000 1260.000000 4597.000000 1289.000000 4642.000000 1325.000000 
		}
	}
	outgoing={
		name="yumen"
		path={
			2181 699 2184 2194 707 
		}
		control={
			4475.000000 1252.000000 4484.000000 1247.000000 4394.000000 1260.000000 4121.000000 1255.000000 
		}
	}
	members={
		687 1836 2181 2180 698 699 688 692 2183 2175 2176 681 682 2171 2172 4197 689 700 2179 4198 701 709 4223 
	}
}
yumen={
	location=707
	color={
		164 146 41 
	}
	outgoing={
		name="persia"
		path={
			2123 1786 2124 4210 2127 452 1968 4343 444 2350 2236 2214 4341 
		}
		control={
			4213.000000 1317.000000 4125.000000 1315.000000 4019.000000 1287.000000 3983.000000 1286.000000 3949.000000 1289.000000 3919.000000 1313.500000 3901.000000 1264.000000 3853.000000 1266.000000 3788.000000 1287.000000 3736.000000 1290.000000 3698.000000 1272.000000 3663.000000 1272.000000 
		}
	}
	outgoing={
		name="siberia"
		path={
			2122 4206 4682 718 4222 1066 1065 1064 
		}
		control={
			4268.000000 1376.000000 4263.000000 1400.000000 4249.000000 1430.000000 4351.000000 1404.000000 4248.000000 1510.000000 4162.000000 1526.000000 4215.000000 1608.000000 
		}
	}
	members={
		710 1786 707 708 714 719 1784 2118 2119 2123 2189 2190 2194 2182 2184 2122 4206 4207 717 721 2116 4219 4220 720 2193 4221 713 715 2120 4208 718 2117 4222 712 2121 2192 4673 4666 4667 723 4669 4668 4681 4683 4682 4678 4677 4680 4684 4693 
	}
}
zanzibar={
	location=1448
	color={
		130 17 17 
	}
	outgoing={
		name="cape_of_good_hope"
		path={
			1198 4036 4048 4038 1187 2951 2952 1800 4783 2856 1178 1177 1460 
		}
		control={
			3461.000000 416.000000 3305.479980 104.489998 
		}
	}
	members={
		1448 788 1100 1102 1103 1183 1186 1192 1193 1194 1195 1196 1197 1198 1199 1200 1201 1202 1203 1204 1792 2796 2774 4020 4021 4022 4023 4024 4025 4026 4027 4028 4029 4030 4031 4032 4049 
	}
}
